1548250
234850
1373566
117252
1504973
279221
520683
868411
10621
1373566
870580
214287
822494
279221
1564775
868411
980084
699673
992537
870580
203856
868411
10621
214287
1504973
992537
349237
214287
822494
1373566
838315
992537
117252
252999
203856
252999
229167
921099
214287
587064
279221
510701
1271600
1548250
1548250
10621
520683
1373566
117252
349237
520683
252999
214287
279221
229167
1808404
1373566
870580
214287
699673
520683
117252
214287
1808404
520683
868411
10621
214287
1504973
992537
214287
1373566
520683
870580
1373566
349237
214287
921099
1373566
349237
1373566
520683
870580
203856
229167
349237
1373566
870580
1548250
1940178
279221
279221
1062473
1536092
510701
992537
1062473
868411
229167
870580
1062473
1373566
229167
252999
214287
1980538
10621
520683
868411
980084
1373566
870580
699673
520683
870580
921099
203856
214287
1069371
203856
203856
1373566
870580
214287
520683
349237
214287
1093854
510701
699673
870580
992537
870580
1808404
1373566
117252
1548250
1373566
520683
870580
890395
1548250
1548250
1093854
1373566
520683
870580
214287
10621
229167
117252
252999
1373566
117252
214287
1154456
1373566
117252
870580
214287
1182020
510701
870580
214287
60335
870580
264273
510701
117252
349237
229167
252999
520683
980084
1062473
1698816
992537
1808404
1808404
1536092
203856
1548250
1548250
214287
214287
214287
214287
214287
214287
214287
214287
214287
214287
214287
1876495
520683
870580
10621
214287
992537
870580
1808404
214287
959874
510701
870580
229167
203856
1548250
1548250
61040
890395
1556677
890395
1548250
234850
510701
264273
264273
1373566
870580
252999
279221
520683
868411
10621
214287
10621
229167
252999
252999
1373566
203856
252999
214287
1808404
992537
214287
229167
870580
214287
1808404
520683
1373566
203856
1373566
117252
214287
980084
279221
1373566
520683
870580
1373566
117252
1548250
1980538
10621
229167
279221
279221
1373566
870580
921099
1373566
214287
1808404
1373566
520683
870580
1373566
870580
214287
1556677
582797
229167
1842172
1271600
214287
520683
349237
349237
1373566
117252
214287
870580
992537
117252
214287
1940178
1556677
1980538
60335
60335
1062473
539826
1373566
520683
868411
10621
1373566
870580
1548250
1504973
992537
214287
340470
1373566
870580
252999
203856
868411
10621
279221
992537
1373566
203856
203856
1373566
279221
870580
340470
214287
699673
520683
117252
1808404
214287
349237
520683
252999
214287
1808404
1373566
117252
214287
539826
1373566
520683
252999
214287
1808404
229167
870580
870580
214287
27474
229167
1548250
1808404
510701
868411
10621
214287
279221
229167
870580
921099
699673
1373566
520683
279221
520683
921099
214287
890395
890395
890395
214287
18480
1177309
1548250